فہرست ممالک بلحاظ فی کس مساوی قوت خرید کل صحت اخراجات
صحت بلحاظ ملک
یہ ممالک بلحاظ فی کس مساوی قوت خرید کل صحت اخراجات ہے۔

 انجمن اقتصادی تعاون و ترقی (2010) عالمی ادارہ صحت (2009) درجہ ملک کلصحتاخراجاتفی کسمساوی قوت خرید امریکی ڈالر کلصحتاخراجات% ofخام ملکی پیداوار  1    8,233  17.6 2    5,388  9.4  3    5,270  11.4  4    5,056  12.0  5    4,786 (2009)  7.9 (2009)  6    4,464  11.1  7    4,445  11.4  8    4,395  11.0  9    4,338  11.6  10    3,978  11.6  11    3,969  10.5  12    3,758  9.6  13    3,718  9.2  14    3,670 (2009)  9.1 (2009) 15    3,433  9.6  16    3,309  9.3 17    3,251  8.9 18    3,067  9.5 19    3,035 (2009)  9.5 (2009) 20    3,022  10.1 21    2,964  9.3 22    2,914  10.2 23    2,728  10.7 24    2,429  9.0 25   2,321  6.5 26    2,096  9.0 27    2,071 (2009)  7.5 (2009) 28    2,035  7.1 29    1,884  7.5 30    1,601  7.8 31    1,389  7.0  32    1,294  6.3 33    1,202  8.0 34   916  6.2 35    913 (2008)  6.1 (2008) درجہ  ملک  کلصحتاخراجاتفی کسمساوی قوت خرید بین الاقوامی ڈالر  کلصحتاخراجات%خام ملکی پیداوار  1    7,960  17.6 2    6,592  7.9 3    5,932  4.2 4    5,353  9.7 5    5,105  11.4  6    4,881  12.0 7    4,345  11.5 8    4,314  11.4 9    4,288  11.0 10    4,219  11.7 11    3,969  11.9 12    3,948  10.8 13    3,761  9.4 14    3,722  10.0 15    3,577  9.8 16    3,484  8.7 17    3,438  9.8 18    3,403  7.5 19    3,280  17.5 20    3,226  9.0 21    3,071  9.4 22    3,067  9.6 23    3,054  10.6 24    3,045  9.5 25    2,907  10.0 26    2,838  7.1  27    2,690  10.7 28    2,551  9.3 29   2,208  6.9 30    2,141  8.5 31    2,111  7.6 32    2,111  4.1 33    2,107  8.0 34    2,086  8.3 35    2,084  9.1 36    1,965  2.6 37    1,956  4.4 38    1,879  6.9 39    1,874  6.1 40    1,671  3.8 41    1,560  4.5 42    1,556  7.8 43    1,516  3.0 44    1,510  7.6 45    1,465  5.8 46    1,431  10.6 47    1,391  7.4  48    1,386  9.5 49    1,338  6.7 50    1,296  10.0  51    1,292  7.5 52    1,215  9.4 53    1,209  8.4 54    1,179  5.9 55    1,162  10.5 56    1,155  10.5  57    1,099  8.4  58    1,083  4.7 59    1,066  6.6 60    1,054  8.1 61    1,043  5.6 62    995  7.2 63    965  7.4  64    964  4.4 65    957  6.7 66    934  10.9 67    930  9.2 68    922  6.5 69    921  8.8 70    873  4.8 71    826  3.0 72    818  5.6 73    798  8.4  74    782  6.1 75    763  6.9 76   734  6.0 77    728  5.7 78    722  3.9 79    714  5.6  80    712  3.3 81   692  8.8 82    689  5.1 83    687  7.6 84    639  6.2 85   629  4.6 86    592  6.2  87    591  6.9 88    567  7.5 89    554  5.8 90    514  4.5 91    511  3.6  92    507  5.9 93    495  7.8 94    493  9.6 95    487  10.2 96    487  4.6 97    479  6.4 98    478  12.1 99    466  5.3 100    457  6.4 101    448  7.2 102    439  6.8 103    424  13.4 104    393  5.5 105    392  18.9 106    382  4.3  107    382  14.3 108    379  4.9 109    365  4.6 110    357  12.5 111    347  5.1 112    342  8.4 113    336  6.7 114    327  4.2 115    322  6.9 116    297  4.9 117    295  6.6 118    294  13.0 119    286  4.8 120    268  7.0 121    256  11.2 122    254  5.1 123    254  9.6 124    245  4.6 125    241  5.2 126    237  5.1 127    234  5.4 128    227  8.7 129    217  5.7 130    210  4.9 131    207  4.6 132    204  6.9 133    194  4.9 134    182  3.5 135    181  2.5 136    180  7.8 137    177  5.9 138    174  3.9 139    166  5.6 140    159  7.3 141    149  3.2 142    148  6.4 143    144  7.2 144    139  9.4 145    139  5.5 146    136  6.1 147    133  3.6 148    124  4.2 149    123  5.9 150    118  8.5 151    117  4.9 152    111  10.1 153    110  5.3 154    110  13.9 155    108  2.8 156    106  5.7 157    103  11.9 158    100  2.5 159    95  5.2 160    92  4.3 161    91  8.6 162    90  6.2 163    89  6.6 164    85  3.7 165    83  6.1 166    79  4.2 167    77  5.0 168    75  4.8 169    74  7.4 170    73  5.5 171    71  6.1 172    69  4.3 173    65  6.4 174    63  5.5 175    60  4.6 176    60  5.3 177    57  5.5 178    57  2.2 179    53  3.4 180    50  12.2 181    47  5.4 182    46  7.6 183    45  11.4 184    42  4.4 185    41  4.2 186    37  5.4 187    36  2.1 188    34  3.2 189    31  9.6 190    30  4.0 191    16  2.8 192   …  … 193    …  … 194    …  …

 حوالہ جات 

زمرہ:اقتصادی فہرستیں بلحاظ ملک
زمرہ:صحت بلحاظ ملک
زمرہ:صحت متعلقہ فہارست
زمرہ:فہرست ممالک بلحاظ فی کس اقدار
زمرہ:ویکی ڈیٹا سے مختلف مختصر وضاحت
زمرہ:صحت کی معاشیات
زمرہ:ممالک کی فہرستیں بلحاظ اقتصادی اشارے
زمرہ:نگہداشت صحت بلحاظ ملک
زمرہ:معیشت سے متعلق فہرستیں
